_viz_0 = nengo_gui.components.Value(compare)
_viz_config[_viz_0].max_value = 1
_viz_config[_viz_0].min_value = -1
_viz_config[_viz_0].show_legend = False
_viz_config[_viz_0].legend_labels = ['label_0', 'label_1']
_viz_config[_viz_0].synapse = 0.01
_viz_config[_viz_0].x = 0.7285211869625035
_viz_config[_viz_0].y = 0.5336693064992043
_viz_config[_viz_0].width = 0.18355788692928016
_viz_config[_viz_0].height = 0.2754508213222963
_viz_config[_viz_0].label_visible = True
_viz_1 = nengo_gui.components.HTMLView(learn)
_viz_config[_viz_1].x = 0.3787415112770664
_viz_config[_viz_1].y = 0.466590859025879
_viz_config[_viz_1].width = 0.12218631418095713
_viz_config[_viz_1].height = 0.32515458381077056
_viz_config[_viz_1].label_visible = True
_viz_2 = nengo_gui.components.Value(ctrl)
_viz_config[_viz_2].max_value = 1
_viz_config[_viz_2].min_value = -1
_viz_config[_viz_2].show_legend = False
_viz_config[_viz_2].legend_labels = ['label_0']
_viz_config[_viz_2].synapse = 0.01
_viz_config[_viz_2].x = 0.20381250962775624
_viz_config[_viz_2].y = 0.27201090331017014
_viz_config[_viz_2].width = 0.05025945684743766
_viz_config[_viz_2].height = 0.11229436235415717
_viz_config[_viz_2].label_visible = True
_viz_net_graph = nengo_gui.components.NetGraph()
_viz_progress = nengo_gui.components.Progress()
_viz_config[_viz_progress].x = 0
_viz_config[_viz_progress].y = 0
_viz_config[_viz_progress].width = 100
_viz_config[_viz_progress].height = 100
_viz_config[_viz_progress].label_visible = True
_viz_sim_control = nengo_gui.components.SimControl()
_viz_config[_viz_sim_control].shown_time = 0.5
_viz_config[_viz_sim_control].kept_time = 4.0
_viz_config[adapt].pos=(0.44801905240608175, 0.7912572524835022)
_viz_config[adapt].size=(0.0621687629265044, 0.04164703535853208)
_viz_config[compare].pos=(0.44801905240608175, 0.5497044474040161)
_viz_config[compare].size=(0.04973501034120352, 0.03331762828682566)
_viz_config[ctrl].pos=(0.44801905240608175, 0.31648104939623656)
_viz_config[ctrl].size=(0.04973501034120352, 0.03331762828682566)
_viz_config[learn].pos=(0.5599228256737897, 0.9078689514873919)
_viz_config[learn].size=(0.2639781318110034, 0.03331762828682565)
_viz_config[learning_rule_gate].pos=(0.6940882274020267, 0.18076446124248982)
_viz_config[learning_rule_gate].size=(0.04973501034120352, 0.03331762828682566)
_viz_config[model].pos=(-0.1309583614809093, -0.124904686746989)
_viz_config[model].size=(1.165597716679811, 1.165597716679811)
_viz_config[model].expanded=True
_viz_config[model].has_layout=True
_viz_config[read_pos].pos=(0.21177775328536505, 0.6704808499437591)
_viz_config[read_pos].size=(0.04973501034120352, 0.03331762828682566)
_viz_config[send_power].pos=(0.9080678980622144, 0.5538691509398693)
_viz_config[send_power].size=(0.04973501034120352, 0.03331762828682566)
_viz_config[target].pos=(0.21177775328536505, 0.43309274840012635)
_viz_config[target].size=(0.04973501034120352, 0.03331762828682566)